# Density
    1877.48078671913    0.0
    1877.48078671913    1.53916522204384
    1877.48078671913    1.53916522204384
    1877.48078671913    2.6431052303003097
    1877.48078671913    2.6431052303003097
    1877.48078671913    9.513466773709819
    1877.48078671913    9.513466773709819
    1877.48078671913    13.18938912242465
    1877.48078671913    13.18938912242465
    1877.48078671913    25.1495135583123
    1877.48078671913    25.1495135583123
    1877.48078671913    32.59104447195055
    1877.48078671913    32.59104447195055
    1877.48078671913    37.9220934741038
    1877.48078671913    37.9220934741038
    1877.48078671913    62.0062439629259
    1877.48078671913    62.0062439629259
    1877.48078671913    143.562985958173
    1877.48078671913    143.562985958173
    1877.48078671913    176.537070799606
    1877.48078671913    176.537070799606
    1877.48078671913    346.580876594129
    1877.48078671913    346.580876594129
    1877.48078671913    491.7124394868735
    2078.46096908266    491.7124394868735
    2078.46096908266    864.528658369927
    2078.46096908266    864.528658369927
    2078.46096908266    inf
