# Vp
    285.920021811532    0.0
    285.920021811532    1.46446289633233
    1500.0    1.46446289633233
    1500.0    2.77738017063282
    1500.0    2.77738017063282
    1500.0    9.34997495592605
    1500.0    9.34997495592605
    1500.0    13.5651607920655
    1500.0    13.5651607920655
    1500.0    25.2000854447332
    1500.0    25.2000854447332
    1500.0    32.6252195151842
    1500.0    32.6252195151842
    1500.0    38.449986298631
    1500.0    38.449986298631
    1500.0    63.1788606317478
    1560.01943298985    63.1788606317478
    1560.01943298985    145.744156402604
    1640.52790902654    145.744156402604
    1640.52790902654    182.129232659257
    1707.13992064993    182.129232659257
    1707.13992064993    344.145105156655
    1741.453433055    344.145105156655
    1741.453433055    494.626579975478
    1794.22121353    494.626579975478
    1794.22121353    864.528658369927
    3636.58318017101    864.528658369927
    3636.58318017101    inf
