# Vs
    131.95079107729    0.0
    131.95079107729    1.46446289633233
    211.166729277743    1.46446289633233
    211.166729277743    2.77738017063282
    235.638663776697    2.77738017063282
    235.638663776697    9.34997495592605
    266.678175230903    9.34997495592605
    266.678175230903    13.5651607920655
    331.65577097661    13.5651607920655
    331.65577097661    25.2000854447332
    367.422041562947    25.2000854447332
    367.422041562947    32.6252195151842
    413.379263767863    32.6252195151842
    413.379263767863    38.449986298631
    470.270952638516    38.449986298631
    470.270952638516    63.1788606317478
    630.667552452027    63.1788606317478
    630.667552452027    145.744156402604
    751.631810574925    145.744156402604
    751.631810574925    182.129232659257
    823.590254161993    182.129232659257
    823.590254161993    344.145105156655
    852.836299076712    344.145105156655
    852.836299076712    494.626579975478
    897.649271148527    494.626579975478
    897.649271148527    864.528658369927
    1898.63489095543    864.528658369927
    1898.63489095543    inf
