3
10 727 366 1610
24 1474 742 1921
0 1545 778 1943

3
19 570 287 1515
22 1088 548 1780
0 1412 711 1900

4
11 700 352 1594
5 1149 579 1805
9 1677 968 1984
0 1918 1107 2052

4
19 302 152 1292
10 1286 648 1856
9 1599 923 1960
0 1745 1007 2003

5
4 244 123 1225
4 963 485 1727
9 1267 638 1850
4 1660 958 1979
0 1720 993 1996

5
11 524 264 1483
22 1174 591 1814
5 1645 949 1974
9 1951 1126 2060
0 2272 1312 2140

6
3 601 303 1535
5 1251 630 1843
4 1338 674 1875
7 1955 1128 2061
18 2750 1588 2245
0 2953 1705 2285

6
5 496 250 1463
13 1312 661 1866
4 1976 1141 2067
9 2717 1568 2238
13 3315 1914 2352
0 3443 1988 2375

7
8 784 395 1640
4 1317 663 1867
8 1947 1124 2059
6 2188 1264 2120
5 2466 1424 2185
7 2773 1601 2250
0 2974 1717 2289

7
4 295 149 1285
6 374 189 1364
12 1065 537 1771
9 1527 882 1938
5 2363 1364 2161
7 2557 1476 2204
0 2831 1635 2261



8
6 292 147 1281
14 1137 573 1800
4 1630 941 1970
9 1816 1048 2024
9 2145 1238 2110
5 2782 1606 2251
7 2881 1663 2271
0 2886 1666 2272

8
6 576 290 1519
6 910 458 1703
4 995 501 1741
9 1046 527 1763
9 1388 699 1892
6 1396 806 1895
10 2006 1158 2075
0 2340 1351 2156
