# 50058 D:/Runs/Readfield/Proccessed/Dinver_Deep01262026/Redfield_Deep_reports/run_24.report
# Layered model 25611: value=0.455269
# Vp
    342.002512338141                    0
    342.002512338141     2.79619637743171
                1500     2.79619637743171
                1500     3.91202686807658
                1500     3.91202686807658
                1500     9.28607620336432
                1500     9.28607620336432
                1500     15.7972041863368
                1500     15.7972041863368
                1500     21.1211747341317
                1500     21.1211747341317
                1500     31.5486345490389
                1500     31.5486345490389
                1500     41.0303754640008
                1500     41.0303754640008
                1500      68.884552903523
    1638.43208840472      68.884552903523
    1638.43208840472     75.0494746474907
    1724.21131985643     75.0494746474907
    1724.21131985643     240.320963276888
    2001.75581485085     240.320963276888
    2001.75581485085     381.634820531466
    3132.36901241002     381.634820531466
    3132.36901241002     597.285762761192
    3494.68495722115     597.285762761192
    3494.68495722115                  750
    4180.15858990024                  750
    4180.15858990024     916.202075095357
    5652.36879482491     916.202075095357
    5652.36879482491                  inf
