# 50058 D:/Runs/Readfield/Proccessed/Dinver_Deep01262026/Redfield_Deep_reports/run_24.report
# Layered model 25611: value=0.455269
# Vs
    143.395524801583                    0
    143.395524801583     2.79619637743171
    426.417977755724     2.79619637743171
    426.417977755724     3.91202686807658
    244.948974278318     3.91202686807658
    244.948974278318     9.28607620336432
    268.891215769959     9.28607620336432
    268.891215769959     15.7972041863368
    404.821400361676     15.7972041863368
    404.821400361676     21.1211747341317
    434.146081210717     21.1211747341317
    434.146081210717     31.5486345490389
    474.024787118029     31.5486345490389
    474.024787118029     41.0303754640008
    507.302335372908     41.0303754640008
    507.302335372908      68.884552903523
     583.88806566362      68.884552903523
     583.88806566362     75.0494746474907
    716.977624007917     75.0494746474907
    716.977624007917     240.320963276888
    1033.78515261057     240.320963276888
    1033.78515261057     381.634820531466
     1666.6953817597     381.634820531466
     1666.6953817597     597.285762761192
    1858.63792673492     597.285762761192
    1858.63792673492                  750
    2038.44558420499                  750
    2038.44558420499     916.202075095357
     3366.7246711546     916.202075095357
     3366.7246711546                  inf
