# 50058 D:/Runs/Readfield/Proccessed/Dinver_Deep01262026/Redfield_Deep_reports/run_24.report
# Layered model 25611: value=0.455269
# Density
    1813.32450024266                    0
    1813.32450024266     2.79619637743171
    1813.32450024266     2.79619637743171
    1813.32450024266     3.91202686807658
    1813.32450024266     3.91202686807658
    1813.32450024266     9.28607620336432
    1813.32450024266     9.28607620336432
    1813.32450024266     15.7972041863368
    1813.32450024266     15.7972041863368
    1813.32450024266     21.1211747341317
    1813.32450024266     21.1211747341317
    1813.32450024266     31.5486345490389
    1813.32450024266     31.5486345490389
    1813.32450024266     41.0303754640008
    1813.32450024266     41.0303754640008
    1813.32450024266      68.884552903523
    1813.32450024266      68.884552903523
    1813.32450024266     75.0494746474907
    1813.32450024266     75.0494746474907
    1813.32450024266     240.320963276888
    2054.68061675045     240.320963276888
    2054.68061675045     381.634820531466
    2054.68061675045     381.634820531466
    2054.68061675045     597.285762761192
    2054.68061675045     597.285762761192
    2054.68061675045                  750
    2054.68061675045                  750
    2054.68061675045     916.202075095357
    2733.62425502398     916.202075095357
    2733.62425502398                  inf
